#E-value
WP_047668015.1	SRR2961627.40691	
175     qseqid
300     sseqid
48      qlen
111     slen
131     sstart 
298     send
64      length
0.006   evalue
34.375  pident
37      qcovs
WP_047641366.1	SRR2961627.37248	
245
300
158
196
131
241
39
0.016
43.590
16
WP_047668015.1	SRR2961627.43371	
175
300
50
100
300
160
51
0.034
35.294
29
WP_047506852.1	SRR2961627.71024	
87
300
41
87
72
212
47
0.058
38.298
54
WP_047668015.1	SRR2961627.15163	
175
300
81
109
206
292
29
0.060
41.379
17
WP_047668015.1	SRR2961627.69640	
175
300
81
100
219
160
20
0.069
60.000
11
WP_048251594.1	SRR2961627.2606	
949
300
698
772
288
91
77
0.084
31.169
8
WP_047403075.1	SRR2961627.49012	
197
300
8
63
64
207
56
0.095
35.714
28

#qcovs
WP_001024006.1	SRR2961627.36273	
89
300
19
78
253
89
60
0.780
30.000
67
WP_047506852.1	SRR2961627.71024	
87
300
41
87
72
212
47
0.058
38.298
54
WP_047506852.1	SRR2961627.31929	
87
300
42
86
75
209
45
0.450
31.111
52
WP_047653121.1	SRR2961627.13176	
147
300
75
147
1
234
82
1.900
28.049
50
WP_048494144.1	SRR2961627.59638	
192
300
61
147
263
54
87
1.900
29.885
45
WP_048615875.1	SRR2961627.105089	
205
300
97
187
255
4
91
8.400
23.077
44
WP_048266506.1	SRR2961627.19975	
138
300
21
80
244
59
62
0.340
30.645
43
WP_047660148.1	SRR2961627.36529	
197
300
5
87
16
279
93
1.400
25.806
42
WP_047658478.1	SRR2961627.90539	
136
300
56
110
234
61
58
9.800
32.759
40

#pident
WP_047961534.1	SRR2961627.19476	
150
300
88
100
214
176
13
1.700
76.923
9
WP_047842328.1	SRR2961627.68201	
2682
300
1540
1557
231
284
18
1.100
72.222
1
WP_047698631.1	SRR2961627.69199	
1030
300
931
946
210
257
16
3.500
68.750
2
WP_001524115.1	SRR2961627.80638	
133
300
46
60
197
241
15
6.200
66.667
11
WP_047606624.1	SRR2961627.9542	
1009
300
777
791
250
294
15
3.400
66.667
1
WP_047668015.1	SRR2961627.69640	
175
300
81
100
219
160
20
0.069
60.000
11
WP_048266854.1	SRR2961627.28151	
792
300
700
719
89
30
20
0.460
60.000
3
WP_047965459.1	SRR2961627.91564	
309
300
159
181
83
154
24
2.400
58.333
7
WP_047965459.1	SRR2961627.75585	
309
300
159
181
82
153
24
2.400
58.333
7
WP_047657307.1	SRR2961627.39680	
831
300
647
665
140
193
19
8.100
57.895
2
WP_048615875.1	SRR2961627.9594	
205
300
181
201
110
172
21
6.100
57.143
10
WP_048246749.1	SRR2961627.43042	
259
300
43
63
207
145
21
3.000
57.143
8
WP_048231037.1	SRR2961627.85825	
716
300
416
436
156
218
21
5.300
57.143
3
WP_047629926.1	SRR2961627.85825	
673
300
325
345
156
218
21
5.900
57.143
3
WP_047657854.1	SRR2961627.85825	
681
300
369
389
156
218
21
6.500
57.143
3
WP_047629926.1	SRR2961627.48040	
673
300
325
345
269
207
21
7.100
57.143
3
WP_048668118.1	SRR2961627.48040	
721
300
372
392
269
207
21
7.200
57.143
3
WP_048231037.1	SRR2961627.48040	
716
300
416
436
269
207
21
8.700
57.143
3